Template: GW_SettingsTemplate_Inside
WaveAmplitude: 0
SecondWaveAmplitude: 0
Grime: 0.2293366
Palette: 9
EffectColorA: 15
EffectColorB: 13
PlacedObjects: CustomDecal><1432.719><137.2412><-32.72705~310.3541~217.8645~294.7021~202.2125~-4.980225~-474.5428~-394.8594~0~1~0~rustb2~0.4149342~1~0.407201~1~0.2525359~1~0.2525359~1, CustomDecal><1166.627><134.5666><-10.67188~263.3979~149.5646~247.7459~111.8573~-10.67188~49.09067~-436.124~0~1~0~rust2~0.2706634~1~0.3479953~1~0.2242637~1~0.1933309~1, CustomDecal><1769.311><170.6459><-16.36353~227.1135~117.549~223.5562~119.6833~-64.03127~-233.3583~-462.448~0~1~0~rustb3~0.2293376~1~0.3376027~1~0.2448034~1~0.2448034~1, DangleFruit><1540.081><175.7151><330.8282~-252.5677~2~3, DangleFruit><1585.704><200.9233><283.8719~-197.074~2~3, 
AmbientSounds: OMNI><SO_WAT-DripTap.ogg><170.9922><29.67793><0.4536007><1, 
FadePalette: 227, 0.4562617, 0.5746717
