DangerType: Rain
WaveSpeed: 0.5
WaveLength: 0.75
WaveAmplitude: 0.04507615
SecondWaveLength: 0.1666667
SecondWaveAmplitude: 0
Clouds: 0.5066578
Effects: TinyDragonFly-0.255197-20-20, Moth-0.2010644-22.88541-86.2052, Bloom-0.2938631-7.233322-129.6042, 
PlacedObjects: LightSource><-126.852><1499.106><0.2034756~Environment~904.975~-532.4865~22.25311~-253.4746~1~1~None~0~0, LightSource><902.1146><1485.625><0.1957421~Environment~-699.3636~-457.0719~11.58124~-253.4745~1~1~None~0~0, CustomDecal><126.071><941.8788><-9.960388~213.5958~695.2533~219.2875~690.2729~-27.74687~-547.8229~-569.8781~0~1~0~blackrust1~0.5~1~0.5~1~0.1752039~1~0.1442707~1, CustomDecal><76.89282><1120.094><-56.91663~214.3073~811.2209~203.6354~808.3749~-16.36356~-505.847~-645.2927~0~1~0~blackrust1~0.1674702~1~0.1674702~1~0.1674702~1~0.1674702~1, CustomDecal><-199.04><981.1543><0.7114587~269.0896~219.999~264.1094~225.6906~-44.82187~-177.1532~-522.2104~0~1~0~blackrust1~0.5~1~0.5~1~0.5~1~0.5~1, CustomDecal><479.5091><1144.481><-8.537415~122.5291~175.177~119.6833~156.6792~-42.6875~207.7459~-266.7969~0.2861302~1~0~ogscribble~0.3917342~0.06959865~0.3917342~0.06959865~0.3917342~0.06959865~0.3917342~0.06959865, CustomDecal><225.7303><1109.062><-9.960388~152.4104~416.3614~150.2761~420.6302~3.557281~-140.8687~-327.2708~0.2938635~1~0~bluntscribble~0.5~0~0.5~0~0.5~0~0.5~0, 
FadePalette: 11, 0.1778646, 0.2165308
