Grime: 0.09787153
Palette: 227
EffectColorA: 6
EffectColorB: 13
Effects: LightBurn-0.07608695-86-119, 
PlacedObjects: CustomDecal><186.8647><-39.96993><-24.90103~748.6125~576.4396~755.0157~561.4989~-4.268751~704.3438~-271.0656~0~1~0~rust2~0.3066691~1~0.3066691~1~0.3066691~1~0.3066691~1, LightSource><363.3134><667.3797><0.0333441~Environment~789.0072~-698.2563~-283.674~-236.3996~1~1~None~0~0, 
AmbientSounds: OMNI><AM_ENV-WinterTrees.ogg><823.2997><506.8357><0.4536><1, SPOT><AM_IND-Utility01.ogg><825.5748><388.2342><0.3066691><1><493.8008><428.0124><-172.6668><-284.3657><0><0.3087974, 
FadePalette: 8, 0.1254077
MorePalette0: 10, 0.1082658
