DangerType: Rain
WaveSpeed: 0.5
WaveLength: 0.75
WaveAmplitude: 0.04452905
SecondWaveLength: 0.1666667
SecondWaveAmplitude: 0
Effects: TinyDragonFly-0.2165305-20-20, Moth-0.255197-22.17395-67.70729, 
PlacedObjects: LightSource><504.0466><710.4996><0.1570763~Environment~685.8461~-760.1531~-459.4041~-158.8506~1~1~None~0~0, CustomDecal><36.61205><171.9226><-46.95627~342.3698~966.3188~363.7136~961.3385~-36.28435~-93.20111~-433.2782~0.6263928~1~0~blackrust1~0.1984031~1~0.1984031~1~0.1984031~1~0.1984031~1, CustomDecal><6.527527><225.8002><-3.557297~193.675~487.5072~188.6949~488.2188~-12.09476~-22.05505~-506.5583~0~1~0~blackrust1~0.3453356~1~0.3453356~1~0.3453356~1~0.3453356~1, CustomDecal><575.2267><159.4469><-43.39893~288.2989~473.9896~251.3032~436.9938~-13.51767~-542.1312~-461.7365~0~0.6365376~0~blackrust1~0.3066691~1~0.3066691~1~0.3066691~1~0.3066691~1, CustomDecal><648.5781><366.3406><-14.94061~380.7885~466.8751~387.1918~464.7407~-39.13022~-568.4552~-687.2688~0~1~0~rust2~0.2834698~1~0.2834698~1~0.2834698~1~0.2834698~1, NoSpearStickZone><951.6538><415.2894><-6.403198~134.8615, NoSpearStickZone><38.03061><417.9046><-4.268753~134.8615, 
AmbientSounds: OMNI><AM_ENV-CricketsWnd.ogg><835.3383><502.98><0.4072013><1, OMNI><AM_ENV-WinterTrees.ogg><836.8546><428.7846><0.3530685><1, 
FadePalette: 9, 0.1005324
