Template: NONE
Clouds: 0.2242641
Grime: 0.1984037
Palette: 226
EffectColorA: 6
EffectColorB: 13
PlacedObjects: CustomDecal><175.4426><346.7412><-15.65207~196.5209~375.8083~195.8094~375.0969~-32.72708~718.5729~-656.6761~0.3325292~1~0~blackrust1~0.3608017~1~0.3608017~1~0.3608017~1~0.3608017~1, CustomDecal><-8.215775><205.2345><-21.34375~672.4865~824.0272~678.1782~806.952~-85.375~885.054~-167.1927~0~1~0~rust1~0.4690671~1~0.4690671~1~0.4690671~1~0.4690671~1, CustomDecal><48.93649><-50.49688><-12.09479~443.3969~835.4106~508.8511~867.4258~-69.01145~826.7145~67.58856~0~1~0~blackrust1~0.268004~1~0.268004~1~0.268004~1~0.268004~1, LightSource><800.0146><481.2472><0.0333451~Environment~-934.8563~-247.1917~79.16974~94.42859~1~1~None~0~0, SteamPipe><688.2765><210.7887><45.53326~28.85416, SteamPipe><686.8276><149.8867><96.04688~-38.73438, SteamPipe><691.1111><177.8476><133.7542~16.04791, SteamPipe><558.3406><539.3021><64.7428~8.933289, SteamPipe><564.0323><484.5198><45.53339~-12.41046, CustomDecal><92.33542><-44.80523><-12.09479~443.3969~835.4106~508.8511~867.4258~-69.01145~-170.7501~121.6594~0~1~0~rust2~0.2602705~1~0.2602705~1~0.2602705~1~0.2602705~1, CustomDecal><566.1067><168.5699><-23.47821~51.38335~97.62811~106.877~136.7584~12.0948~-401.9739~65.4541~0~1~0~whitetag7~0.2834692~0.1623986~0.2834692~0.1623986~0.2834692~0.1623986~0.2834692~0.1623986, LightSource><674.2086><219.6213><0.3040088~EffectColor1~51.93646~199.6042~-414.5823~-59.95789~0~0~None~0~0, 
AmbientSounds: SPOT><AM_IND-50hz.ogg><852.1089><454.4377><0.3994678><0.6241649><639.1486><213.1897><-78.04291><-26.10637><0.3093302><0.1850666, OMNI><AM_ENV-WinterTrees.ogg><854.2424><575.3478><0.6082658><1, OMNI><AM_ENV-CricketsWnd.ogg><675.3964><577.1531><0.407202><1, SPOT><AM_IND-Utility01.ogg><678.8032><455.8378><0.3453356><1><239.5991><473.5607><291.9155><-5.474121><0><0.4015967, SPOT><AM_IND-Warehouse03.ogg><854.7988><344.5881><0.2989363><1.111358><391.405><94.09117><-196.8564><37.92488><0><0.3010639, 
FadePalette: 9, 0.1159986
MorePalette0: 3, 0.1005329
