Clouds: 1
Effects: WaterViscosity-0.1546649-20-20, DirtyWater-1-20.75104-77.66771, SilenceWater-0.3015963-286.8365-19.32812, Darkness-0.1082654-288.2594-74.11042, HeatWave-0.1546647-306.0458-146.6792, 
AmbientSounds: SPOT><SO_WAT-RunningWater.ogg><872.2216><294.5887><0.4072007><1><549.6965><135.87><-86.58038><-97.25221><0><0.3551974, SPOT><SO_WAT-OpenFlow.ogg><870.6309><414.6664><0.3530685><1><553.7975><597.4477><-79.46582><-101.521><0><0.3783967, SPOT><SO_WAT-TubWater.ogg><865.4127><181.3788><0.4072007><1><548.5793><39.02362><-46.73865><-55.98764><0><0.1, 
FadePalette: 227, 0.4021288
MorePalette0: 10, 0.2551966
