Clouds: 0.08906256
Grime: 0.1520038
PlacedObjects: CustomDecal><159.3902><-60.89741><-17.78644~353.0417~642.6051~345.927~636.2021~0~-301.6583~106.7187~0~1~0~blackrust1~0.8221353~1~0.7706634~1~0.569599~1~0.5282722~1, LightSource><467.2158><575.4919><0.07733221~Environment~-635.3323~-560.9448~-312.8438~-80.59027~1~1~None~0~0, CustomDecal><698.6876><316.1704><-39.13019~318.8917~107.5886~266.9553~153.122~-22.05521~-412.6458~-388.4563~0~1~0~rustb1~0.3530678~1~0.3530678~1~0.3530678~1~0.3530678~1, CustomDecal><22.85974><-52.85691><-21.34375~762.8417~893.75~750.7469~907.9792~-2.845833~-136.6~135.1771~0.123732~1~0~rust2~0.3762682~1~0.3762682~1~0.3762682~1~0.3762682~1, CustomDecal><252.1144><247.1221><-12.80624~143.1615~294.7021~140.3156~297.5479~-62.60831~-246.1646~77.54903~0.6031932~1~0~whitetag7~0.2989356~0.1005329~0.2989356~0.1005329~0.2989356~0.1005329~0.2989356~0.1005329, 
AmbientSounds: SPOT><AM_WIN-SubWnd.ogg><760.8229><386.841><0.3530691><0.7633628><478.1395><-48.63506><4.486206><199.4259><0><0.4093303, 
FadePalette: 9, 0.09279865
MorePalette0: 9, 0
