Clouds: 0.07359613
PlacedObjects: CustomDecal><16.71806><131.349><-2.84584~404.2666~884.501~384.3459~952.8011~-114.5448~-102.45~-41.97609~0~1~0~rust3~0.3453356~1~0.3453356~1~0.3453356~1~0.3453356~1, CustomDecal><-32.16986><4.996841><-61.89688~358.7333~930.0344~439.1281~948.5324~-39.84167~-86.79788~131.6198~0.2783971~0.497339~0~blackrust1~0.360802~1~0.360802~1~0.360802~1~0.360802~1, FirecrackerPlant><534.0895><231.721><339.3655~310.9073~2~3, FirecrackerPlant><557.6093><240.206><291.6979~196.3625~2~3, FirecrackerPlant><282.2948><257.5646><291.6979~196.3625~2~3, 
FadePalette: 11, 0.2087975
MorePalette0: 8, 0.2087979
