DangerType: Rain
WaveSpeed: 0.5
WaveLength: 0.75
WaveAmplitude: 0.04324574
SecondWaveLength: 0.1666667
SecondWaveAmplitude: 0
Effects: DirtyWater-1-20-20, WaterViscosity-0.1570766-15.05936-77.66771, SilenceWater-0.3557291-12.21353-133.8729, Moth-0.2010641-263.3583-187.2323, TinyDragonFly-0.3325295-270.4729-113.2406, WaterDepth-0.03093288-255.5323-23.59688, 
PlacedObjects: CustomDecal><257.1496><214.7307><-61.18542~301.1052~502.4479~292.5677~469.7208~-12.09477~-305.9268~-536.4397~0~1~0~blackrust1~0.6391983~1~0.615999~1~0.1829373~1~0.2448031~1, LightSource><481.9349><715.4971><0.08506576~Environment~4.268799~-734.5406~418.5355~-128.2579~1~1~None~0~0, DangleFruit><792.486><567.6497><116.6792~-151.5406~2~3, DangleFruit><850.6572><552.8464><54.0708~-53.35931~2~3, CustomDecal><296.655><487.9478><10.67184~279.7615~140.3156~276.2042~137.4698~0~-281.7375~-810.351~0.5026607~1~0~rust1~0.4149342~1~0.4149342~1~0.4149342~1~0.4149342~1, CustomDecal><531.738><500.6367><-5.69165~283.3187~126.7979~286.1646~136.7584~-3.557312~-557.072~-791.1417~0.5181268~1~0~rust2~0.4149342~1~0.4149342~1~0.4149342~1~0.4149342~1, CustomDecal><-47.11046><143.0199><-66.16562~750.7468~1122.128~751.4584~1054.54~-28.4584~-11.38342~162.2125~0~1~0~rust2~0.3762673~1~0.3762673~1~0.3762673~1~0.3762673~1, LightSource><513.3111><397.7862><0.4664063~EffectColor1~-26.32391~104.9803~-599.5615~-470.4694~0~0~None~0~0, CustomDecal><429.8074><386.922><70.43433~436.9938~366.5593~392.8834~252.0146~-51.22504~-544.9772~-123.7937~0.5181278~1~0~whiteeye~0.3762685~0.1237319~0.3762685~0.1237319~0.3762685~0.1237319~0.3762685~0.1237319, 
AmbientSounds: OMNI><AM_ENV-CricketsWnd.ogg><835.3691><511.1714><0.3530691><1, SPOT><AM_ENV-WinterTrees.ogg><869.5426><364.3737><0.4072013><1><498.6385><712.2133><-144.9199><-193.299><0><0.2082659, SPOT><SO_WAT-TubWater.ogg><865.3116><249.6715><0.3530691><1><548.4783><41.86221><-35.35534><-35.35534><0><0.2082659, SPOT><AM_IND-ElectricHum03.ogg><384.6796><305.3546><0.3066688><0.902562><512.5078><402.7608><-40.33551><-51.00745><0.3789293><0.154133, 
FadePalette: 11, 0
