Template: 22_SettingsTemplate_acid
DangerType: Rain
WaveSpeed: 0.5
WaveLength: 0.75
WaveAmplitude: 0.04249527
SecondWaveLength: 0.1666667
SecondWaveAmplitude: 0
Clouds: 0.104529
EffectColorB: 6
Effects: LethalWater-1-20-20, DirtyWater-1-20.03955-74.82188, HeatWave-0.3093295-18.6167-123.201, SilenceWater-0.255197-281.8563-20.75104, WaterViscosity-0.3093298-279.0104-81.225, FairyParticles-0.1546647-271.8958-146.6792, 
PlacedObjects: LightSource><365.469><3.091029><0.1880098~EffectColor2~-1.422913~656.3604~-438.0603~238.1431~0~0~None~0~0, LightSource><619.4678><22.0737><0.180276~EffectColor2~-15.65204~641.4198~-797.3469~99.40878~0~0~None~0~0, InsectGroup><478.3771><992.1937><-29.88124~235.1771~417.626~320.1563~TinyDragonFly~0.1597376, CustomDecal><203.2217><35.81457><-2.134399~160.2365~579.2854~162.3708~602.0521~-18.49792~-628.9291~286.7177~0.3247961~1~0~blackrust1~1~1~1~1~1~1~1~1, CustomDecal><272.3078><561.6031><-74.70313~328.1407~521.6572~346.6386~424.1874~-14.94063~-669.4823~355.7292~0~1~0~blackrust1~0.4072013~1~0.4072013~1~0.4072013~1~0.4072013~1, CustomDecal><85.34662><839.1023><-74.70316~406.4011~851.774~407.1125~812.6439~-31.30417~-165.0585~172.8844~0.3247956~1~0~greybones~0.1210705~1~0.1210705~1~0.1210705~1~0.1210705~1, SteamPipe><315.287><77.4489><-7.82605~100.7115, SteamPipe><550.9898><68.3198><13.51764~117.7865, SteamPipe><638.8206><71.09512><-17.78644~88.61667, SteamPipe><464.5854><71.70612><10.67181~92.17397, SteamPipe><392.9484><73.11839><2.845825~69.4073, FairyParticleSettings><344.1041><969.8921><-763.3754~-1234.257~0~1~1~0~1~1.667181~52.26633~83.33455~40~347.4632~10.56789~10.51224~0~0~0.1984034~0.2282718~1~1~0.5~0.7061369~0.5~0.75~10~Leaf~SIN_IO~SIN_IO~19.68065~0.1520041~0, LightSource><463.4671><1152.98><0.1237322~Environment~-502.2896~-397.3094~50~86.60254~1~1~None~0~0, CustomDecal><231.2666><-48.76874><-3.557343~222.8449~496.7563~237.7854~488.2185~-2.521276E-05~-619.6801~349.3259~0~1~0~dirtywaterline~1~1~1~1~1~1~1~1, CustomDecal><165.1843><115.4265><69.72293~476.8354~542.2896~501.025~616.9927~-17.78647~-510.8271~160.7896~0.340263~1~0~rust3~0.4072013~1~0.4072013~1~0.4072013~1~0.4072013~1, LightSource><468.2754><29.55081><0.1029438~EffectColor2~-5.691711~393.8322~-541.9332~328.4984~0~1~None~0~0, CustomDecal><70.40942><-39.17951><28.45834~1440.15~785.6085~1435.881~824.7385~-14.94063~815.3313~-288.1407~0~1~0~rust3~0.3066688~1~0.3066688~1~0.3066688~1~0.3066688~1, CustomDecal><109.1868><-27.28143><9.960419~1080.864~274.7813~877.3865~286.8761~12.80625~421.1833~197.7855~0~1~0~rust2~0.3066691~1~0.3066691~1~0.3066691~1~0.3066691~1, CustomDecal><581.1073><-22.88439><9.960419~1080.864~274.7813~877.3865~286.8761~12.80625~-204.9~120.2366~0~1~0~rust2~0.3066691~1~0.3066691~1~0.3066691~1~0.3066691~1, 
AmbientSounds: SPOT><SO_WAT-OpenFlow.ogg><862.0862><491.6678><0.4072007><1><485.4905><1302.276><-106.5012><-152.746><0><0.8037255, SPOT><SO_IND-MechHum01.ogg><873.6297><379.3688><0.252537><1><492.0535><358.7564><-311.4012><165.9873><0><0.2082659, SPOT><SO_WAT-RunningWater.ogg><862.17><260.0054><0.4072007><0.8608021><473.4796><53.70224><-63.81366><180.2166><0><0.3783974, SPOT><SO_IND-WinFan.ogg><861.7403><142.5161><0.4072007><1><479.4528><335.8349><-295.7491><0.9290466><0><0.3397316, OMNI><SO_NAT-Burning.ogg><686.0067><507.5001><0.4072013><0.8051216, 
FadePalette: 21, 0.08025344, 0.1237319
MorePalette0: 226, 0.1648095, 0
MorePalette1: 10, 0, 0.1159986
