DangerType: Rain
WaveSpeed: 0.5
WaveLength: 0.75
WaveAmplitude: 0.0480924
SecondWaveLength: 0.1666667
SecondWaveAmplitude: 0
Clouds: 0.1630435
Effects: Moth-0.193331-57.03543-69.1302, TinyDragonFly-0.2551968-20-20, SkyBloom-0.2065222-49-118, 
PlacedObjects: CustomDecal><32.12077><174.186><-60.47395~417.7844~751.4584~424.1876~560.7875~-58.3396~-21.3437~-557.7833~0~1~0~blackrust1~0.6082644~1~0.5773322~1~0~1~0~1, CustomDecal><666.1531><136.5356><-34.15002~499.602~489.6417~435.5708~456.9146~-68.29999~-365.6895~-494.4635~0~1~0~blackrust1~0.6391979~1~0.5850651~1~0~1~0~1, LightSource><79.96008><706.101><0.07974476~Environment~571.3011~-524.6604~61.3833~-160.985~1~1~None~0~0, LightSource><869.5378><715.8093><0.05654376~Environment~-762.6833~-298.4166~-514.8979~-225.7277~1~1~None~0~0, CustomDecal><943.6567><540.769><-0.7114868~239.2083~274.0698~244.9001~291.8562~-39.84174~115.2564~-610.4314~0.5103942~1~0~rust3~0.3504078~1~0.3272078~1~0~1~0~1, CustomDecal><1263.562><472.1432><-9.248962~281.8959~232.0938~271.9355~230.6708~34.14999~94.62396~-740.6281~0.4639946~1~0~rustb3~0.5927993~1~0.5695987~1~0~1~0~1, CustomDecal><1163.99><252.0889><-93.20111~346.6386~524.5031~446.2427~393.5948~-12.09479~-293.8323~-572.0125~0~0.5978712~0~blackrust1~0.5154665~1~0.4922658~1~0~1~0~1, NoSpearStickZone><46.13756><385.1581><0.7114716~166.8771, Mushroom><618.7385><534.1331><71.8573~63.31995~2~3, Mushroom><681.3557><541.2861><9.960388~-29.88123~2~3, Mushroom><649.5746><547.7401><41.97607~-125.9281~2~3, CustomDecal><1036.469><450.9427><-51.22508~235.6511~550.8273~279.0501~619.1271~29.8812~-51.93649~-285.2948~0.665059~1~0~bluebrownbutblackwhite~0.2757359~0.317063~0.2757359~0.317063~0.2757359~0.317063~0.2757359~0.317063, CustomDecal><-187.1127><159.5831><-19.92083~662.5261~1240.942~671.7751~1171.219~-162.2125~162.924~-107.4302~0~1~0~rust3~0.2834692~1~0.2834692~1~0.2834692~1~0.2834692~1, CustomDecal><544.5739><238.4146><-19.92083~662.5261~1524.814~690.9845~1588.845~184.2677~393.4366~59.76251~0~1~0~rust3~0.2293366~1~0.2293366~1~0.2293366~1~0.2293366~1, CustomDecal><1301.141><365.0542><-51.22508~235.6511~242.7658~264.1095~358.7334~-2.13443~-225.5324~-306.6385~0.2706641~1~0~whitetag2~0.3994683~0.317063~0.3994683~0.317063~0.3994683~0.317063~0.3994683~0.317063, 
AmbientSounds: OMNI><AM_ENV-WinterTrees.ogg><829.6369><497.9962><0.360802><1, OMNI><AM_ENV-CricketsWnd.ogg><834.2439><422.9371><0.3762685><1, 
FadePalette: 9, 0.1184102, 0.1082654
MorePalette0: 9, 0, 0
